<?xml version="1.0"?>
<opencv_storage>
<StereoMatch_Version>"2.0.0"</StereoMatch_Version>
<R type_id="opencv-matrix">
  <rows>3</rows>
  <cols>3</cols>
  <dt>d</dt>
  <data>
    9.9998294159163181e-01 4.9938672169195213e-03 3.0294910408284192e-03
    -4.9852085016304270e-03 9.9998348679449844e-01
    -2.8589918699830673e-03 -3.0437184399932475e-03
    2.8438404556399648e-03 9.9999132413712499e-01</data></R>
<T type_id="opencv-matrix">
  <rows>3</rows>
  <cols>1</cols>
  <dt>d</dt>
  <data>
    -1.0002224811069499e+03 5.9406769473452528e+00
    -8.5204411661024899e+00</data></T>
<R1 type_id="opencv-matrix">
  <rows>3</rows>
  <cols>3</cols>
  <dt>d</dt>
  <data>
    9.9993270675934254e-01 -9.2111520671704834e-04
    1.1564320114507419e-02 9.3742678432213512e-04 9.9999857336634768e-01
    -1.4051677099865454e-03 -1.1563009295113502e-02
    1.4159138551155090e-03 9.9993214369975936e-01</data></R1>
<R2 type_id="opencv-matrix">
  <rows>3</rows>
  <cols>3</cols>
  <dt>d</dt>
  <data>
    9.9994608357603643e-01 -5.9390353241388950e-03
    8.5180866610455319e-03 5.9270139428277448e-03 9.9998140427948823e-01
    1.4358276163889570e-03 -8.5264556920197770e-03
    -1.3852633832921999e-03 9.9996268960331269e-01</data></R2>
<P1 type_id="opencv-matrix">
  <rows>3</rows>
  <cols>4</cols>
  <dt>d</dt>
  <data>
    2.3469390388567044e+03 0. 2.0446486167907715e+03 0. 0.
    2.3469390388567044e+03 1.0844636054039001e+03 0. 0. 0. 1. 0.</data></P1>
<P2 type_id="opencv-matrix">
  <rows>3</rows>
  <cols>4</cols>
  <dt>d</dt>
  <data>
    2.3469390388567044e+03 0. 2.0446486167907715e+03
    -2.3475877619890808e+06 0. 2.3469390388567044e+03
    1.0844636054039001e+03 0. 0. 0. 1. 0.</data></P2>
<Q type_id="opencv-matrix">
  <rows>4</rows>
  <cols>4</cols>
  <dt>d</dt>
  <data>
    1. 0. 0. -2.0446486167907715e+03 0. 1. 0. -1.0844636054039001e+03 0.
    0. 0. 2.3469390388567044e+03 0. 0. 9.9972366394863706e-04 0.</data></Q>
</opencv_storage>
